with 70 epochs and 128 64 32 outputsize
---------------------------------
[512, 256, 10]
time
           0.000100   0.001778   0.031623   0.562341   10.000000
0.000100   94.435564  80.005344  88.410893  84.194026  80.329592
0.001778   84.422720  81.189226  79.545043  79.549468  79.592890
0.031623   77.506588  80.822465  80.461030  74.512068  79.065835
0.562341   93.256301  77.626784  76.569449  73.733262  75.655817
10.000000  74.380096  75.091010  76.941413  78.507049  77.247833
result
           0.000100   0.001778   0.031623   0.562341   10.000000
0.000100      0.6235     0.6526     0.6377     0.5512     0.1856
0.001778      0.9055     0.9062     0.9352     0.9619     0.3949
0.031623      0.9608     0.9706     0.9734     0.9501     0.4130
0.562341      0.1070     0.0956     0.0966     0.0956     0.1158
10.000000     0.0997     0.0997     0.0997     0.0966     0.1070
---------------------------------
[256, 128, 10]
time
           0.000100   0.001778   0.031623   0.562341   10.000000
0.000100   80.833427  79.988203  80.572041  78.568351  81.051940
0.001778   80.673976  81.856643  79.435148  79.671170  78.893935
0.031623   77.366638  80.616841  79.271008  79.458890  75.744670
0.562341   80.747283  78.046059  76.946963  76.868798  77.981843
10.000000  74.105005  75.916960  75.212783  78.174343  79.482335
result
           0.000100   0.001778   0.031623   0.562341   10.000000
0.000100      0.6235     0.6526     0.6377     0.5512     0.1856
0.001778      0.9055     0.9062     0.9352     0.9619     0.3949
0.031623      0.9608     0.9706     0.9734     0.9501     0.4130
0.562341      0.1070     0.0956     0.0966     0.0956     0.1158
10.000000     0.0997     0.0997     0.0997     0.0966     0.1070
---------------------------------
[128, 64, 10]
time
           0.000100   0.001778   0.031623   0.562341   10.000000
0.000100   82.748030  82.193133  82.638472  87.194895  84.303257
0.001778   84.747119  79.529229  76.354820  78.074658  75.311945
0.031623   74.543543  76.339370  76.224459  74.464931  74.984963
0.562341   77.182129  74.883834  71.861602  74.426521  81.868910
10.000000  70.789230  73.968892  70.376056  74.949800  73.893230
result
           0.000100   0.001778   0.031623   0.562341   10.000000
0.000100      0.6235     0.6526     0.6377     0.5512     0.1856
0.001778      0.9055     0.9062     0.9352     0.9619     0.3949
0.031623      0.9608     0.9706     0.9734     0.9501     0.4130
0.562341      0.1070     0.0956     0.0966     0.0956     0.1158
10.000000     0.0997     0.0997     0.0997     0.0966     0.1070
---------------------------------
[64, 32, 10]
time
           0.000100   0.001778   0.031623   0.562341   10.000000
0.000100   76.798870  75.176832  76.496842  76.558349  78.201544
0.001778   76.988227  76.537657  74.614318  74.992936  77.064695
0.031623   74.876889  77.923075  76.935864  77.032453  73.547816
0.562341   76.897024  76.220080  72.648301  72.549471  73.006886
10.000000  71.570364  73.890535  73.052579  77.430446  73.249448
result
           0.000100   0.001778   0.031623   0.562341   10.000000
0.000100      0.6235     0.6526     0.6377     0.5512     0.1856
0.001778      0.9055     0.9062     0.9352     0.9619     0.3949
0.031623      0.9608     0.9706     0.9734     0.9501     0.4130
0.562341      0.1070     0.0956     0.0966     0.0956     0.1158
10.000000     0.0997     0.0997     0.0997     0.0966     0.1070
---------------------------------
[32, 16, 10]
time
           0.000100   0.001778   0.031623   0.562341   10.000000
0.000100   76.164041  76.366056  75.969533  78.272574  76.414120
0.001778   75.439897  74.853113  78.948866  79.008837  78.090825
0.031623   78.275655  76.918760  77.234072  75.880020  72.408313
0.562341   76.177788  83.494224  70.150640  72.870274  73.244359
10.000000  70.537164  74.700033  73.290272  75.042841  72.566254
result
           0.000100   0.001778   0.031623   0.562341   10.000000
0.000100      0.6235     0.6526     0.6377     0.5512     0.1856
0.001778      0.9055     0.9062     0.9352     0.9619     0.3949
0.031623      0.9608     0.9706     0.9734     0.9501     0.4130
0.562341      0.1070     0.0956     0.0966     0.0956     0.1158
10.000000     0.0997     0.0997     0.0997     0.0966     0.1070
