--------------------------------------------------
times:
     0.001000    0.002154    0.004642    0.010000    0.021544    0.046416    0.100000
1  268.252561  260.105179  250.409285  255.437615  250.993868  249.827634  249.907118
2  134.211905  123.143859  121.024267  125.482736  121.032884  121.004314  122.434673
3  222.107241  216.353705  218.346066  213.886840  214.582101  214.225000  216.127353
accuraccy
   0.001000  0.002154  0.004642  0.010000  0.021544  0.046416  0.100000
1    0.9719    0.9759    0.9752    0.9772    0.9767    0.9744    0.9652
2    0.9669    0.9721    0.9734    0.9730    0.9777    0.9746    0.9709
3    0.9709    0.9736    0.9753    0.9744    0.9695    0.9774    0.9694
--------------------------------------------------
--------------------------------------------------
times:
     0.001000    0.002154    0.004642    0.010000    0.021544    0.046416    0.100000
1  212.098935  206.335115  206.920656  209.386713  214.341059  205.814582  202.321927
2  101.564922  103.133511  102.365493  100.782770  110.909392  100.989888  102.908611
3  187.190336  190.480135  191.057765  188.459243  185.706097  187.657791  184.753865
accuraccy
   0.001000  0.002154  0.004642  0.010000  0.021544  0.046416  0.100000
1    0.9686    0.9750    0.9746    0.9677    0.9735    0.9751    0.9603
2    0.9716    0.9738    0.9776    0.9759    0.9731    0.9721    0.9715
3    0.9751    0.9767    0.9718    0.9799    0.9744    0.9744    0.9729
--------------------------------------------------
